#   Data 
#   [DEIMOS  FDNTnew  ESHELc  MJn  PSFexg  im3shapef  imc  ksbm] 
#   X  Y  Yerr 
0.0  0.000522600252762  0.000910213945448 
0.0  4.9499787328e-05  0.000903295031816 
0.0  6.0375924476e-05  0.000897377852629 
0.0  -8.92127059227e-05  0.0008788247206 
0.03  0.027519113844  0.000908407833174 
0.06  0.0545713238728  0.000905714381132 
0.09  0.0818587334621  0.000897214579085 
0.15  0.135678905972  0.000876158981361 
0.03  0.0276249608543  0.000920369209241 
0.06  0.0545104152015  0.00091784805428 
0.09  0.0819511393556  0.000909236655902 
0.15  0.136030447101  0.000888191584522 
0.0  -0.000161509885066  0.000920555922199 
0.0  -0.000303281742366  0.000919304022531 
0.0  3.67863680327e-05  0.000912669891937 
0.0  -0.000405674357273  0.000894021065497 
0.0  0.000611273669513  0.000934642890802 
0.0  0.000498305143566  0.000930520060004 
0.0  0.000253365498427  0.000925737878156 
0.0  0.000387348092937  0.000904891237945 
0.03  0.0274506824853  0.000937550353692 
0.06  0.0549638945818  0.000931253863996 
0.09  0.0821466030816  0.00092374964056 
0.15  0.135845812502  0.000899411581987 
0.03  0.0269927396526  0.000940045801907 
0.06  0.055111971732  0.000938618481192 
0.09  0.0817001700574  0.000932934411156 
0.15  0.135625885054  0.00090968113401 
0.0  -0.000428945780655  0.000941502280659 
0.0  -0.000559317339121  0.000940518737348 
0.0  -0.000359431918341  0.000934304820825 
0.0  7.06100943989e-05  0.000916895269011 
0.0  0.00110510955793  0.000964346007596 
0.0  3.52122857707e-05  0.000961480340914 
0.0  0.000236153107224  0.000952040010131 
0.0  0.00046150006945  0.000933669500241 
0.03  0.027079002708  0.000965460849187 
0.06  0.0545412899253  0.000959378491319 
0.09  0.0814007630556  0.000952040364105 
0.15  0.133314466171  0.000929354687947 
0.03  0.0267518943055  0.000971369692116 
0.06  0.0534925196836  0.000964877612222 
0.09  0.0804109506808  0.000959749923939 
0.15  0.134257581867  0.000934854944337 
0.0  0.000221625520989  0.000969180913167 
0.0  0.000119633201235  0.000967053170729 
0.0  -0.000172481717894  0.000957161375302 
0.0  -0.000286390859256  0.000940218853556 
0.0  -0.00098617202883  0.000963457633553 
0.0  -0.000832179152491  0.00095965901454 
0.0  -0.00143060467147  0.000951735558976 
0.0  -0.000976401941595  0.000927779512423 
0.03  0.0273396198385  0.000962542021606 
0.06  0.0541906744099  0.000953946636445 
0.09  0.0830040592673  0.000942203485921 
0.15  0.137104694869  0.000917349349277 
0.03  0.0252122209092  0.000973796738282 
0.06  0.0545776280949  0.000965381934996 
0.09  0.0817487221202  0.000954898218291 
0.15  0.137220087137  0.000927442259054 
0.0  -0.00203978931499  0.00097314330913 
0.0  -0.0019251550209  0.000971657838202 
0.0  -0.00198131744201  0.000959701646688 
0.0  -0.00124453549724  0.000937767735714 
0.0  -7.17031482087e-05  0.000974734328007 
0.0  -0.000506705744048  0.000968329008678 
0.0  -0.000414752699303  0.000959583455365 
0.0  -0.000921962775641  0.000935459565277 
0.03  0.0268958505677  0.00097117083349 
0.06  0.0558229201201  0.000967189530421 
0.09  0.0834021850746  0.00095578852714 
0.15  0.137557969339  0.000926565411614 
0.03  0.0271704890164  0.000982445407654 
0.06  0.0551952492388  0.000971945772982 
0.09  0.0822345466561  0.000962119528891 
0.15  0.137484861518  0.000936759525589 
0.0  -0.00131317819811  0.00098280228058 
0.0  -0.00117651169179  0.000974632069281 
0.0  -0.000763547907548  0.000966725868547 
0.0  -0.00094254332797  0.000946854311177 
0.0  0.000309061885337  0.000989069535112 
0.0  0.000680897804478  0.000983793787671 
0.0  0.000114861378142  0.000975760153858 
0.0  -0.000643039739685  0.000952018692677 
0.03  0.0284380684692  0.000985443450311 
0.06  0.0557133625177  0.000981471511923 
0.09  0.0827269886683  0.000974684461941 
0.15  0.136803595952  0.000944906088987 
0.03  0.0272760325542  0.000995133496988 
0.06  0.0547166115538  0.000990094473728 
0.09  0.0823375177332  0.000980391933826 
0.15  0.136341115295  0.000949825751696 
0.0  -0.000972737037413  0.000994495477637 
0.0  -4.92940871317e-05  0.000991731047142 
0.0  -0.00083901599971  0.0009863871275 
0.0  0.000151706095648  0.000960557083486 
