#   Data 
#   [DEIMOS  FDNTnew  ESHELc  MJn  PSFexg  im3shapef  imc  ksbm] 
#   X  Y  Yerr 
0.0  -0.00133776822659  0.000995050311346 
0.0  -0.00100241035986  0.000988955294588 
0.0  -0.00256792638195  0.000987821077146 
0.0  -0.00253903285006  0.000975464120175 
0.03  0.0302882653544  0.000990155515509 
0.06  0.0607677970621  0.000991393866613 
0.09  0.0853834899057  0.000933900068428 
0.15  0.150478156822  0.000975006450548 
0.03  0.030044272145  0.000993426099801 
0.06  0.060552301267  0.000992040651972 
0.09  0.0902931854342  0.000987222897131 
0.15  0.150295418676  0.000973489931756 
0.0  0.000459054887555  0.000998229973948 
0.0  0.000887641141086  0.00099313132455 
0.0  0.000334270657162  0.00103314352755 
0.0  0.000290467923641  0.000978138476007 
0.0  0.000765789524706  0.00116340898287 
0.0  0.000597797797124  0.00114335579622 
0.0  -0.000175647854384  0.00113942228538 
0.0  -0.00143129629385  0.001128687958 
0.03  0.0310665631233  0.00115379574366 
0.06  0.0588717926444  0.00110834613991 
0.09  0.0881519149103  0.00109578834257 
0.15  0.151986465507  0.00112702026687 
0.03  0.0300863075637  0.00112422461348 
0.06  0.0619185530489  0.00114306086342 
0.09  0.0900559500757  0.00113812651781 
0.15  0.1497717983  0.00112699276835 
0.0  0.000978403303315  0.00114430121117 
0.0  0.000111648351279  0.00128601838343 
0.0  5.26240951282e-08  0.00117583367772 
0.0  0.00021823281782  0.00112668136636 
0.0  -0.000217630851611  0.00131309561216 
0.0  -0.00102384483565  0.00129927221133 
0.0  0.000583509027442  0.00129551754225 
0.0  -0.000721034788845  0.00127705687506 
0.03  0.0313427855709  0.00129731772152 
0.06  0.0607577474307  0.00129050333892 
0.09  0.0894230364558  0.00129102899556 
0.15  0.149885031857  0.00127981967792 
0.03  0.0288965873731  0.00127865961973 
0.06  0.0591551808886  0.0012972936308 
0.09  0.088742744969  0.00129505775218 
0.15  0.148447068059  0.0012836108234 
0.0  0.000714613371841  0.00130108921649 
0.0  0.00168115113231  0.00129449800532 
0.0  0.00121642936584  0.00129449828418 
0.0  -0.00152478853849  0.00128156427991 
0.0  -0.00117197801539  0.0011202054342 
0.0  -0.00113529553075  0.00111064197383 
0.0  -0.000947600807486  0.00111354951117 
0.0  -0.000684441404602  0.00110228670194 
0.03  0.0308098169474  0.00111868438097 
0.06  0.0617066850834  0.00112347927504 
0.09  0.0928710723208  0.00112703467731 
0.15  0.178779645592  0.00129490001694 
0.03  0.0293471727091  0.00112123195936 
0.06  0.0611698921902  0.00111572447978 
0.09  0.0901219267891  0.0011146070822 
0.15  0.150459811788  0.00110172793831 
0.0  0.00126921590871  0.00112199275893 
0.0  0.000410584903021  0.00111226527723 
0.0  0.00110914301743  0.00109440200357 
0.0  0.000632697640966  0.000970108731039 
0.0  -0.000194812589267  0.00116925648695 
0.0  -0.0010480401861  0.00116639077937 
0.0  -0.00102995406618  0.00116098875925 
0.0  -0.0022431756146  0.00115077789416 
0.03  0.0316953358368  0.0011656394308 
0.06  0.0606929904912  0.00116068406424 
0.09  0.0859494425887  0.00110007720235 
0.15  0.152140345428  0.00114940549424 
0.03  0.0302159372847  0.0011686210236 
0.06  0.0609863136091  0.00116671015796 
0.09  0.0905139242801  0.00115930180373 
0.15  0.150376225935  0.00114882915748 
0.0  -9.10047742551e-05  0.00116869394259 
0.0  0.000465977106355  0.00116664353715 
0.0  0.000300078131947  0.00103674759438 
0.0  0.00161945917186  0.00114468644837 
0.0  0.000300761906535  0.0012823352842 
0.0  -0.000487096768343  0.00127951717072 
0.0  -0.000816823544698  0.00127467737685 
0.0  -0.00219341754032  0.00126484918311 
0.03  0.030839231659  0.00128001587753 
0.06  0.0623751753472  0.00128051369709 
0.09  0.0904532941856  0.00128271914737 
0.15  0.151338642844  0.00127188016008 
0.03  0.0287256483779  0.00128981487661 
0.06  0.0595002991423  0.00127986147399 
0.09  0.0906627433603  0.00127239139838 
0.15  0.148732800454  0.00126275923353 
0.0  -0.000576234595763  0.00128034721151 
0.0  3.18704485713e-06  0.00128330405885 
0.0  -0.00043485212895  0.0012535145899 
0.0  0.000741375750723  0.00125073668787 
