#   Data 
#   [DEIMOS  FDNTnew  ESHELc  MJn  PSFexg  im3shapef  imc  ksbm] 
#   X  Y  Yerr 
0.0  -2.45629270237e-05  0.00104926743462 
0.0  -0.0002045981777  0.00104278729302 
0.0  -3.67345724314e-06  0.00103312409992 
0.0  -4.89844449158e-05  0.00101606366954 
0.03  0.0307339766935  0.00104761359893 
0.06  0.0611045608945  0.00104027640419 
0.09  0.0911069390277  0.00103243173452 
0.15  0.150199070648  0.00100718756999 
0.03  0.0284587297508  0.000994388944119 
0.06  0.0576830761278  0.000988909723234 
0.09  0.0859506054765  0.000980106091396 
0.15  0.144011200221  0.000957117583684 
0.0  -0.000536364806168  0.000992984461759 
0.0  -0.000162452424086  0.00098912295435 
0.0  -0.000408851110544  0.000985379251739 
0.0  -0.000540447147408  0.000962468127044 
0.0  0.000403636480973  0.00107727727107 
0.0  -0.000807427650008  0.00107019887864 
0.0  -0.000761585296326  0.00106364771969 
0.0  -0.000909778662166  0.00104233893693 
0.03  0.0296015040971  0.00107633146365 
0.06  0.0601841392272  0.00107008842932 
0.09  0.0900112556378  0.00106018672359 
0.15  0.147552464177  0.00103783844288 
0.03  0.0275722902046  0.00101454366282 
0.06  0.0560364307639  0.00100871960585 
0.09  0.0833086679037  0.00100097262177 
0.15  0.140245019973  0.000979778778595 
0.0  -0.000440886317048  0.00101358991185 
0.0  -0.000831308924841  0.00100956179889 
0.0  -0.000356549976115  0.00100534944422 
0.0  -0.000120815773292  0.000989584857085 
0.0  0.000348700592398  0.00109633458636 
0.0  -0.000830985057902  0.00109332701076 
0.0  -0.000587606355874  0.00108502315258 
0.0  0.000129269106054  0.00106748751532 
0.03  0.0281474710697  0.00109803746524 
0.06  0.0582241815322  0.00109421887707 
0.09  0.0865961055595  0.00108676008801 
0.15  0.143173115542  0.00105684202575 
0.03  0.026825093776  0.00102966417717 
0.06  0.0533689326174  0.00102181820787 
0.09  0.0807403562095  0.00101607417126 
0.15  0.134185106674  0.000995534657247 
0.0  -0.000276168660235  0.00103138642901 
0.0  -0.000699355764966  0.00102432853135 
0.0  -0.000583944995177  0.00101713527959 
0.0  -0.0011092706431  0.000995342347888 
0.0  0.000815305888096  0.00107329319213 
0.0  0.000347754313129  0.00106987236705 
0.0  0.000658402260272  0.00106682786053 
0.0  0.000435929069812  0.0010464790535 
0.03  0.0313305756221  0.00107336859662 
0.06  0.0598039296227  0.00106936284716 
0.09  0.0904838921364  0.00105888613925 
0.15  0.149240196895  0.0010364827148 
0.03  0.0243019178184  0.00101228439635 
0.06  0.053039867293  0.00100868193499 
0.09  0.0806824180137  0.000999393695923 
0.15  0.138335353332  0.000980566986069 
0.0  -0.00335247991691  0.00101150009776 
0.0  -0.00334182959941  0.00101085711374 
0.0  -0.00357005086954  0.000999891800892 
0.0  -0.00273680955579  0.000979025951512 
0.0  0.00138732670645  0.00107601441338 
0.0  0.000478707014538  0.00107315205322 
0.0  0.00118235118511  0.00106964909853 
0.0  0.00130805574602  0.0010462676641 
0.03  0.0303735540479  0.00107786960937 
0.06  0.0600001373352  0.00107447348484 
0.09  0.0900286561337  0.00106617084664 
0.15  0.148628852422  0.00103985918421 
0.03  0.0250644341744  0.00101864572132 
0.06  0.0527784230885  0.00101362594199 
0.09  0.0807182793584  0.00100851441607 
0.15  0.137705686175  0.000990080365874 
0.0  -0.00375870492262  0.00101942952754 
0.0  -0.00372406430053  0.00101225874907 
0.0  -0.00390700622408  0.00100624620162 
0.0  -0.00271227339366  0.000987146882883 
0.0  0.00130443940355  0.00109357307395 
0.0  0.00267310936878  0.00108880488925 
0.0  0.0017324384813  0.00108231520914 
0.0  0.00158878306564  0.00106108710448 
0.03  0.0307619243141  0.00109289849078 
0.06  0.0603813415121  0.00108795722838 
0.09  0.0879771089882  0.00108201400287 
0.15  0.145831632991  0.00105420794386 
0.03  0.0243680740338  0.00102919629226 
0.06  0.0513814418991  0.00102465401062 
0.09  0.0786419632831  0.00101846912107 
0.15  0.132069080917  0.000994533095147 
0.0  -0.00399227478749  0.00102520218325 
0.0  -0.003099325074  0.00102081232181 
0.0  -0.00306439372423  0.00102005699981 
0.0  -0.00339217411528  0.000996138466221 
