#   Data 
#   [DEIMOS  FDNTnew  ESHELc  MJn  PSFexg  im3shapef  imc  ksbm] 
#   X  Y  Yerr 
0.0  0.00174779209139  0.00111825954776 
0.0  0.000812486968197  0.00111033161734 
0.0  0.00187054361435  0.00109930857241 
0.0  0.000519946569494  0.00108326840059 
0.03  0.0310826007371  0.00111370052406 
0.06  0.0617628449198  0.00110742074742 
0.09  0.0907228285439  0.00110564907912 
0.15  0.150349602033  0.00108707688857 
0.03  0.0297505207157  0.00113709987657 
0.06  0.0599650011429  0.00113269406859 
0.09  0.0907607190862  0.00112243077965 
0.15  0.151088831276  0.00110701834489 
0.0  -0.000671139812815  0.00113522256144 
0.0  -0.000455118436326  0.00113127151457 
0.0  -1.94121559269e-05  0.00112249962903 
0.0  -0.000898087015395  0.00110061121903 
0.0  0.00155228594482  0.00115721599113 
0.0  0.00119535062287  0.00115546718287 
0.0  0.00061785505511  0.00114850048737 
0.0  3.24885379726e-05  0.00112497741522 
0.03  0.0303830678703  0.00115691681651 
0.06  0.0600141908899  0.00115426615343 
0.09  0.0891330697467  0.00114780522043 
0.15  0.146863753669  0.0011320987812 
0.03  0.0279417467065  0.0011614646281 
0.06  0.0591678716887  0.00116749100411 
0.09  0.0875305019126  0.00115597194361 
0.15  0.146609202546  0.00114179847167 
0.0  -0.000107457420087  0.00116527629015 
0.0  -0.000148905282718  0.00116557043324 
0.0  -0.000543529303839  0.00115605425532 
0.0  -0.000347600945101  0.00114016166358 
0.0  0.0013260933744  0.00121181822682 
0.0  -0.000650566823932  0.00120318628672 
0.0  0.000156712799034  0.00119372631356 
0.0  0.000841578899201  0.00117707050222 
0.03  0.0299314150887  0.00120934484775 
0.06  0.0585563938748  0.00121038415065 
0.09  0.0866449165618  0.00120433573841 
0.15  0.143266960205  0.00118374250129 
0.03  0.0283957835619  0.00122145616739 
0.06  0.0566757504569  0.00120867254254 
0.09  0.0868407570866  0.0012120495642 
0.15  0.143983831894  0.00118774825519 
0.0  -0.000803642344268  0.00121592468945 
0.0  -0.000703256843038  0.00121436880509 
0.0  -4.62602186194e-05  0.00121139842981 
0.0  -0.000740637703852  0.00118758344037 
0.0  0.00218502542453  0.00115059926097 
0.0  0.000926860578052  0.001146217688 
0.0  0.00103327415678  0.00113735545858 
0.0  0.00120610723563  0.00112083256491 
0.03  0.0316400838375  0.00115072128484 
0.06  0.0599003633167  0.00114482168054 
0.09  0.0900124979429  0.00113855418884 
0.15  0.148469254616  0.00111862289324 
0.03  0.0279981464884  0.0011651360137 
0.06  0.0582343243334  0.00116051395803 
0.09  0.0876874089979  0.00115256036298 
0.15  0.146414299267  0.00113481693707 
0.0  -0.000810653863327  0.00116632450631 
0.0  -0.00035473575108  0.00116352630675 
0.0  -0.000948001472384  0.00114968539333 
0.0  -0.00056971230241  0.00112330596062 
0.0  0.00117125603552  0.00116350268677 
0.0  0.00131418173509  0.00116033737209 
0.0  0.000138385299555  0.00115105303026 
0.0  0.000808562412838  0.0011331685689 
0.03  0.0301992957504  0.00115634412597 
0.06  0.0584759998629  0.00116158869507 
0.09  0.0888208988666  0.00115108945332 
0.15  0.145925687669  0.00113337114766 
0.03  0.0288747723729  0.00117238431534 
0.06  0.0584957123471  0.00116959400531 
0.09  0.0854814886418  0.00115922612599 
0.15  0.145658097647  0.00114483669152 
0.0  -0.00094129602245  0.00117294409967 
0.0  -0.00133860347765  0.00116646683629 
0.0  -0.00160355472073  0.00115567750969 
0.0  -0.000566370295848  0.00113653083897 
0.0  0.00026209734153  0.0011995616144 
0.0  0.000868749789555  0.00119809457703 
0.0  0.000538886989741  0.00118892713006 
0.0  -6.97008150533e-05  0.00116956334596 
0.03  0.0296994039846  0.00120038632615 
0.06  0.0579787506981  0.00119522907391 
0.09  0.0862533262386  0.00118918734165 
0.15  0.143219573604  0.00117399699455 
0.03  0.0285212915754  0.00120564633839 
0.06  0.0567098403455  0.0012055314199 
0.09  0.0865683560191  0.00119705491648 
0.15  0.142642771313  0.00117511009563 
0.0  -0.000852633781508  0.00120371298884 
0.0  -5.20637948562e-05  0.00120288097469 
0.0  -0.000323180289409  0.0011984584598 
0.0  -0.00110177981447  0.00117507403611 
