#   Data 
#   [DEIMOS  FDNTnew  ESHELc  MJn  PSFexg  im3shapef  imc  ksbm] 
#   X  Y  Yerr 
0.0  -0.00387505491705  0.0016443865972 
0.0  -0.00287992600886  0.00163049826774 
0.0  -0.00364486510506  0.00162434708792 
0.0  -0.00363422845862  0.00161771701792 
0.03  0.0309778495205  0.0016292663047 
0.06  0.065401968201  0.0016368955002 
0.09  0.100604029516  0.00163549144737 
0.15  0.165004985473  0.00161407294682 
0.03  0.0317251485591  0.0016777006092 
0.06  0.0676548213342  0.00167717689055 
0.09  0.101320175937  0.00169225483991 
0.15  0.169176054607  0.00166890043325 
0.0  -8.08339526638e-05  0.00166957456166 
0.0  -0.00140778435344  0.00166819594229 
0.0  0.000763581207558  0.00166005528294 
0.0  -0.00205680030547  0.00164122220656 
0.0  -0.00567971357136  0.00154956686108 
0.0  -0.00495942337383  0.00154644235759 
0.0  -0.00382353346255  0.00154870228228 
0.0  -0.0041523683904  0.00152747757689 
0.03  0.0294619628025  0.0015531351421 
0.06  0.0620181859625  0.00154773979322 
0.09  0.0951173841095  0.00155261506002 
0.15  0.159637442396  0.00154349156199 
0.03  0.0291497466778  0.00157949385131 
0.06  0.0660219297932  0.00157341643478 
0.09  0.0958995683047  0.00157556445151 
0.15  0.16434838391  0.00156241155221 
0.0  -0.00225766627521  0.00157763476391 
0.0  -0.00164292495013  0.00158072034944 
0.0  -0.00203700172749  0.00156084829721 
0.0  -0.00071642382845  0.0015522421146 
0.0  -0.00404778356136  0.0015459178365 
0.0  -0.00361721461369  0.00153320603471 
0.0  -0.00332035353723  0.00152725466769 
0.0  -0.00469047485636  0.00151053000625 
0.03  0.0273793460356  0.00153568744689 
0.06  0.0615194956498  0.00153471890557 
0.09  0.0913534329501  0.00152786994728 
0.15  0.152676419542  0.00152246743506 
0.03  0.0277677050308  0.0015586764519 
0.06  0.0582505368806  0.00154994974305 
0.09  0.092056856191  0.00154490191076 
0.15  0.157834280197  0.0015454038 
0.0  -0.003322146563  0.00155585748905 
0.0  -0.00312274174717  0.00155472515644 
0.0  -0.00303074729021  0.00155331944382 
0.0  -0.00334897101693  0.00153033164289 
0.0  -0.0138536049952  0.00156202989055 
0.0  -0.0140096207507  0.00154698859016 
0.0  -0.0140840129853  0.0015528306574 
0.0  -0.0136185902149  0.00153282196141 
0.03  0.0202972634847  0.00155276808358 
0.06  0.0557151934892  0.00156746711119 
0.09  0.085256943367  0.00154317110241 
0.15  0.152317513686  0.00154824612389 
0.03  0.0180703715133  0.00159005625353 
0.06  0.0490846896472  0.00158975513961 
0.09  0.0845249464561  0.00157857252651 
0.15  0.150726007859  0.00158994535044 
0.0  -0.0160057891281  0.0015805558752 
0.0  -0.0147811722574  0.00157973892742 
0.0  -0.0150754992553  0.00157517975347 
0.0  -0.0149946729052  0.00155468570814 
0.0  -0.0117751233845  0.00154385220523 
0.0  -0.0127998433782  0.00154815025068 
0.0  -0.0139097003192  0.00152559166774 
0.0  -0.012528337512  0.00151747346768 
0.03  0.0177386878519  0.00152947150588 
0.06  0.0526713944072  0.00153815980876 
0.09  0.0856702268373  0.00153227111426 
0.15  0.150042279249  0.00152087421586 
0.03  0.0204347230429  0.00154628365526 
0.06  0.0528281442354  0.0015499313572 
0.09  0.0873020957105  0.0015459277692 
0.15  0.151835020006  0.00156529263186 
0.0  -0.0133341640663  0.00154529079899 
0.0  -0.0131757845613  0.00153958976281 
0.0  -0.0127846863358  0.00154379846294 
0.0  -0.0112551354771  0.00152850228293 
0.0  -0.0112551281515  0.00151866327338 
0.0  -0.0115586343222  0.00152618551115 
0.0  -0.00976208239749  0.00150455149566 
0.0  -0.0106307847695  0.00149641105604 
0.03  0.0205570171148  0.00152471530625 
0.06  0.0528218954736  0.00152163768547 
0.09  0.0854986829547  0.00151550198025 
0.15  0.148767133843  0.00151249913776 
0.03  0.0215978422124  0.00153449619816 
0.06  0.0533421313445  0.00153742424159 
0.09  0.0867652889699  0.00154020400286 
0.15  0.150630076143  0.00151892884644 
0.0  -0.0133717981326  0.00152609767408 
0.0  -0.0104737849117  0.00152663144288 
0.0  -0.00995371447177  0.00152541548875 
0.0  -0.00831034159568  0.0015037991128 
