#   Data 
#   [DEIMOS FDNTnew ESHELc MJn PSFexg im3shapef imc ksbm] 
#   X Y Yerr 
0.0 0.000262042234515 0.000970922216756 
0.0 0.000273774098348 0.000964386043159 
0.0 0.000598421642391 0.000961332237046 
0.0 -0.000271687050055 0.000951694933011 
0.03 0.0259112322892 0.000971552315747 
0.06 0.0511558188324 0.000970075631461 
0.09 0.0756564879672 0.000966117134328 
0.15 0.12681868457 0.000954771194458 
0.03 0.0260171100272 0.00100231998287 
0.06 0.0536243053991 0.000999586585884 
0.09 0.079963059819 0.000994737754387 
0.15 0.134429438863 0.000987248774428 
0.0 -0.000481937060385 0.00100587897939 
0.0 -0.000904438536222 0.0010075163117 
0.0 0.000126508301729 0.00100088981435 
0.0 -0.000940496527469 0.000984026424634 
0.0 0.0017614916962 0.00100980301874 
0.0 0.00189921783828 0.00101146840941 
0.0 0.000919740063439 0.00101426932631 
0.0 0.00367091431481 0.00100346662563 
0.03 0.0272768817567 0.00101354395337 
0.06 0.0531660637096 0.00101729644976 
0.09 0.0784541773647 0.0010138411536 
0.15 0.129039722515 0.00101065003194 
0.03 0.025020410978 0.00102114383057 
0.06 0.0522787431684 0.00102237098587 
0.09 0.0751938300802 0.00102459253394 
0.15 0.129406763882 0.00101719072404 
0.0 -0.000622140509661 0.00102754728507 
0.0 -0.00121402986063 0.00102606867083 
0.0 -0.00104247212597 0.0010210689297 
0.0 -0.00121732324801 0.00101061836905 
0.0 0.00124150943104 0.0010422723233 
0.0 0.000157525650341 0.00103556747365 
0.0 0.00117442863351 0.00102973166792 
0.0 0.000950068750776 0.00102108220713 
0.03 0.0254458041676 0.00104529992215 
0.06 0.0505031423494 0.00104360294067 
0.09 0.0742260714148 0.00104078820625 
0.15 0.123927272302 0.00103294700245 
0.03 0.0249967526543 0.00104372557506 
0.06 0.0482286930749 0.00104187059943 
0.09 0.07347747489 0.00104012208652 
0.15 0.124207998964 0.00103545219485 
0.0 0.000503279025295 0.00104760662371 
0.0 -0.000923720510808 0.00104100726685 
0.0 -0.00145159157185 0.00104112796794 
0.0 -0.000385316039801 0.00102444757319 
0.0 0.00750837533426 0.00101135755122 
0.0 0.00553490361822 0.00100566156685 
0.0 0.00478184878672 0.00100292320855 
0.0 0.00164694856823 0.000995761386155 
0.03 0.0314034901991 0.00102095141142 
0.06 0.0575515723835 0.00101323214104 
0.09 0.0886482231275 0.00101232913418 
0.15 0.142710904494 0.000996419531223 
0.03 0.0277581789283 0.00103015287886 
0.06 0.0549566390344 0.00101883060439 
0.09 0.0815330148495 0.00101029844618 
0.15 0.140189102087 0.000997742774191 
0.0 0.000966769186158 0.00102524982313 
0.0 0.00110981927984 0.0010206298516 
0.0 0.0011136317705 0.00101959853343 
0.0 0.00232236632071 0.000996978358957 
0.0 0.0056091024358 0.00103233945709 
0.0 0.00182667419547 0.00102769242407 
0.0 0.00651309809027 0.00102184519329 
0.0 0.00598927328544 0.00100889286669 
0.03 0.0325734179488 0.00103161554107 
0.06 0.0591649325838 0.00102664528883 
0.09 0.0845532074875 0.00102260617276 
0.15 0.14241918543 0.00101084510953 
0.03 0.0287996509044 0.00103818936078 
0.06 0.0580096814538 0.00102945167835 
0.09 0.0843136365561 0.00102693063813 
0.15 0.140526348051 0.00101207207379 
0.0 0.000792001052521 0.00104018997018 
0.0 0.00132754174439 0.00103291883403 
0.0 0.00198338056298 0.00102170599809 
0.0 0.00108810123886 0.00101368854288 
0.0 0.00546809271601 0.00105955971474 
0.0 0.00351388983554 0.00105618415124 
0.0 0.00533253332345 0.0010504076628 
0.0 0.00146209288017 0.00103329745314 
0.03 0.0302819452361 0.00105279047382 
0.06 0.0564680709479 0.00104951708544 
0.09 0.0846551393112 0.00104602803315 
0.15 0.138073466693 0.00103083372359 
0.03 0.0285251604752 0.00106324589273 
0.06 0.0546561815476 0.00105513280092 
0.09 0.0824667162258 0.00104919994287 
0.15 0.136353405304 0.00103168510547 
0.0 0.00131085651325 0.00105559681401 
0.0 0.00228953040433 0.00104725754449 
0.0 0.00152519095592 0.00105027527501 
0.0 0.0019187521359 0.00103773216362 
