#   Data 
#   [DEIMOS  FDNTnew  ESHELc  MJn  PSFexg  im3shapef  imc  ksbm] 
#   X  Y  Yerr 
0.0  -0.000414501819808  0.000964726330912 
0.0  -0.000643160100837  0.000962529672564 
0.0  -0.000368828223985  0.000943993496054 
0.0  -0.000522142999558  0.000931551340332 
0.03  0.028085514002  0.000952387897015 
0.06  0.0567638356507  0.000946364791294 
0.09  0.0853815789753  0.000952316250579 
0.15  0.142912212707  0.000945482802005 
0.03  0.0281561257397  0.000971640709188 
0.06  0.0573296282958  0.000964530432465 
0.09  0.0860778891921  0.000954470442883 
0.15  0.144212749879  0.000934363109829 
0.0  -0.00058668730255  0.000960688009449 
0.0  -0.000114842961  0.00096103017851 
0.0  -0.000705805863022  0.000966497259422 
0.0  -0.000656736712641  0.000939275019539 
0.0  -0.000125430321731  0.00100376583891 
0.0  -0.000682707174739  0.000998248598352 
0.0  -0.000733073585639  0.000997658617891 
0.0  -0.000867249051745  0.000968546531153 
0.03  0.0279282526122  0.00100474694922 
0.06  0.0569491577985  0.000996371553517 
0.09  0.0848014841467  0.000986944033406 
0.15  0.141319366184  0.000974301496093 
0.03  0.0274442299754  0.0010394634256 
0.06  0.0577856239696  0.00101601510167 
0.09  0.0852081321965  0.00101602206679 
0.15  0.142723304202  0.000985840679186 
0.0  -0.000602699338949  0.00101235260913 
0.0  7.90518096204e-05  0.00103115033138 
0.0  -0.000403475081442  0.000993272893218 
0.0  -0.000487713803667  0.000997381298624 
0.0  1.20608478278e-05  0.00102746698692 
0.0  -0.00117248173786  0.00103355398925 
0.0  -0.000898236476395  0.0010181686242 
0.0  -0.000718854644451  0.0010064226871 
0.03  0.0269379279034  0.00102852499782 
0.06  0.0549295179931  0.00101871607518 
0.09  0.0814511952205  0.00103237003501 
0.15  0.136522118765  0.00102086277114 
0.03  0.0273727988001  0.0010626315245 
0.06  0.0553338019422  0.00103355596243 
0.09  0.0827872231941  0.00103482525201 
0.15  0.138085447902  0.00102902839788 
0.0  -9.53714560042e-05  0.0010357208439 
0.0  -0.00095321628805  0.00105746208583 
0.0  0.00077940128607  0.00105909129323 
0.0  -0.000732152021293  0.00101537109878 
0.0  0.00183993723481  0.000991118635955 
0.0  0.0012323906296  0.00100696663887 
0.0  0.00093533206431  0.000973960317297 
0.0  0.00135654061255  0.000961360743157 
0.03  0.0301817472755  0.000998114586833 
0.06  0.0577371386056  0.000991814149255 
0.09  0.0868775289028  0.000986874714382 
0.15  0.142913257327  0.000962343996035 
0.03  0.029527061425  0.000994352671798 
0.06  0.0586576006619  0.00100356724148 
0.09  0.0867691059377  0.000988803233314 
0.15  0.144695626471  0.000973730112311 
0.0  0.000863846836082  0.00101951273217 
0.0  0.00188426872012  0.000994819215404 
0.0  0.0003237453857  0.000989536361206 
0.0  0.00162632891343  0.000966570365217 
0.0  0.00148990194886  0.000985468100846 
0.0  0.00121887719271  0.00100739876024 
0.0  0.000972807925957  0.00097934874855 
0.0  0.000995847504687  0.000974844725701 
0.03  0.029618030704  0.00099731025479 
0.06  0.058103611603  0.00101650670204 
0.09  0.0856160248582  0.00101677295294 
0.15  0.141870149395  0.00100086432275 
0.03  0.0299968544749  0.00101573152688 
0.06  0.0586695310942  0.00101231777007 
0.09  0.0866914334428  0.000991817573853 
0.15  0.144440676515  0.000991797927201 
0.0  0.00107011513088  0.00101591217414 
0.0  0.00115392317899  0.00100712715532 
0.0  0.00120686297765  0.00101468212424 
0.0  0.00153458899108  0.000999978099369 
0.0  0.000841504672123  0.0010263317469 
0.0  0.00147438514485  0.00101102481107 
0.0  0.00101628401214  0.0010183064704 
0.0  0.000316297568999  0.00100364335336 
0.03  0.0286575508168  0.00100993256961 
0.06  0.0568914848403  0.00101866619722 
0.09  0.0839937060255  0.00101646649021 
0.15  0.13907680182  0.00100560145096 
0.03  0.0289122043591  0.00102493272512 
0.06  0.0567654289366  0.0010150308786 
0.09  0.0847599450404  0.00102599944109 
0.15  0.139591929027  0.00107510199011 
0.0  0.00044855599521  0.00102631762953 
0.0  0.0016457882054  0.00102570719426 
0.0  0.001339298973  0.00103172286516 
0.0  0.00102395795676  0.00100456410205 
